[-1.         -1.         -1.         -1.         -1.         -1.
 -1.         -1.         -1.         -1.         -1.         -1.
 -1.         -1.         -1.         -1.         -1.         -1.
 -1.         -1.         -1.         -1.         -1.         -1.
 -1.         -1.         -1.         -1.         -1.         -1.
 -1.         -1.         -1.         -1.         -1.         -1.
 -1.         -1.         -1.         -1.         -1.         -1.
 -1.         -1.         -1.         -1.         -1.         -1.
 -1.         -1.         -1.         -1.         -1.         -1.
 -1.         -1.         -1.         -1.         -1.         -1.
 -1.         -1.         -1.         -1.         -1.         -1.
 -1.         -1.         -1.         -1.         -1.         -1.
 -1.         -1.         -1.         -1.         -1.         -1.
 -1.         -1.         -1.         -1.         -1.         -1.
 -1.         -1.         -1.         -1.         -1.         -1.
 -1.         -1.         -1.         -1.         -1.         -1.
 -1.         -1.         -1.         -1.         -1.         -1.
 -1.         -1.         -1.         -1.         -1.         -1.
 -1.         -1.         -1.         -1.         -1.         -1.
 -1.         -1.         -1.         -1.         -1.         -1.
 -1.         -1.         -1.         -1.         -1.         -1.
 -1.         -0.6         0.24705882  0.98431373  0.24705882 -0.60784314
 -1.         -1.         -1.         -1.         -1.         -1.
 -1.         -1.         -1.         -1.         -1.         -1.
 -1.         -1.         -1.         -1.         -1.         -1.
 -1.         -1.         -1.         -1.         -0.62352941  0.86666667
  0.97647059  0.97647059  0.97647059  0.85882353 -1.         -1.
 -1.         -1.         -1.         -1.         -1.         -1.
 -1.         -1.         -1.         -1.         -1.         -1.
 -1.         -1.         -1.         -1.         -1.         -1.
 -1.         -0.57647059  0.78039216  0.98431373  0.97647059  0.8745098
  0.82745098  0.97647059 -0.55294118 -0.95294118 -1.         -1.
 -1.         -1.         -1.         -1.         -1.         -1.
 -1.         -1.         -1.         -1.         -1.         -1.
 -1.         -1.         -1.         -0.92156863 -0.52941176  0.75686275
  0.97647059  0.98431373  0.97647059  0.58431373 -0.34117647  0.97647059
  0.98431373 -0.04313725 -1.         -1.         -1.         -1.
 -1.         -1.         -1.         -1.         -1.         -1.
 -1.         -1.         -1.         -1.         -1.         -1.
 -1.          0.27843137  0.97647059  0.97647059  0.97647059  0.98431373
  0.97647059  0.97647059 -0.24705882  0.48235294  0.98431373  0.30980392
 -1.         -1.         -1.         -1.         -1.         -1.
 -1.         -1.         -1.         -1.         -1.         -1.
 -1.         -1.         -1.         -1.         -0.6         0.86666667
  0.98431373  0.98431373  0.49019608 -0.10588235  0.98431373  0.78823529
 -0.63137255 -0.38039216  1.          0.31764706 -1.         -1.
 -1.         -1.         -1.         -1.         -1.         -1.
 -1.         -1.         -1.         -1.         -1.         -1.
 -1.         -0.62352941  0.86666667  0.97647059  0.97647059  0.40392157
 -0.90588235 -0.41176471 -0.05098039 -0.83529412 -1.         -1.
  0.98431373  0.90588235 -0.60784314 -1.         -1.         -1.
 -1.         -1.         -1.         -1.         -1.         -1.
 -1.         -1.         -1.         -1.         -0.70196078  0.29411765
  0.98431373  0.82745098  0.63137255 -0.34117647 -1.         -1.
 -1.         -1.         -1.         -1.          0.98431373  0.97647059
  0.29411765 -1.         -1.         -1.         -1.         -1.
 -1.         -1.         -1.         -1.         -1.         -1.
 -1.         -0.94509804  0.39607843  0.97647059  0.88235294 -0.44313725
 -0.85098039 -0.78039216 -1.         -1.         -1.         -1.
 -1.         -1.          0.98431373  0.97647059  0.52941176 -1.
 -1.         -1.         -1.         -1.         -1.         -1.
 -1.         -1.         -1.         -1.         -1.         -0.55294118
  0.97647059  0.97647059 -0.50588235 -1.         -1.         -1.
 -1.         -1.         -1.         -1.         -1.         -1.
  0.98431373  0.97647059  0.52941176 -1.         -1.         -1.
 -1.         -1.         -1.         -1.         -1.         -1.
 -1.         -1.         -1.          0.55294118  0.98431373  0.49019608
 -1.         -1.         -1.         -1.         -1.         -1.
 -1.         -1.         -1.         -1.          1.          0.98431373
  0.5372549  -1.         -1.         -1.         -1.         -1.
 -1.         -1.         -1.         -1.         -1.         -1.
 -0.40392157  0.92941176  0.97647059 -0.12156863 -1.         -1.
 -1.         -1.         -1.         -1.         -1.         -1.
 -1.         -1.          0.98431373  0.97647059  0.16078431 -1.
 -1.         -1.         -1.         -1.         -1.         -1.
 -1.         -1.         -1.         -1.         -0.33333333  0.97647059
  0.80392157 -0.80392157 -1.         -1.         -1.         -1.
 -1.         -1.         -1.         -1.         -0.94509804  0.05882353
  0.98431373  0.45882353 -0.90588235 -1.         -1.         -1.
 -1.         -1.         -1.         -1.         -1.         -1.
 -1.         -1.         -0.33333333  0.97647059  0.74901961 -1.
 -1.         -1.         -1.         -1.         -1.         -1.
 -1.         -0.94509804  0.02745098  0.97647059  0.76470588 -0.44313725
 -1.         -1.         -1.         -1.         -1.         -1.
 -1.         -1.         -1.         -1.         -1.         -1.
 -0.33333333  0.97647059  0.1372549  -1.         -1.         -1.
 -1.         -1.         -1.         -1.         -0.62352941  0.29411765
  0.97647059  0.35686275 -1.         -1.         -1.         -1.
 -1.         -1.         -1.         -1.         -1.         -1.
 -1.         -1.         -1.         -1.         -0.3254902   0.98431373
  0.76470588 -1.         -1.         -1.         -1.         -1.
 -1.         -0.10588235  0.86666667  0.98431373  0.27058824 -1.
 -1.         -1.         -1.         -1.         -1.         -1.
 -1.         -1.         -1.         -1.         -1.         -1.
 -1.         -1.         -0.33333333  0.97647059  0.95294118  0.14509804
 -0.62352941 -0.77254902 -0.33333333  0.39607843  0.76470588  0.98431373
  0.74901961  0.30980392 -0.56078431 -1.         -1.         -1.
 -1.         -1.         -1.         -1.         -1.         -1.
 -1.         -1.         -1.         -1.         -1.         -1.
 -0.33333333  0.97647059  0.97647059  0.97647059  0.79607843  0.68627451
  0.97647059  0.97647059  0.97647059  0.5372549   0.01960784 -1.
 -1.         -1.         -1.         -1.         -1.         -1.
 -1.         -1.         -1.         -1.         -1.         -1.
 -1.         -1.         -1.         -1.         -0.78039216  0.56078431
  0.97647059  0.97647059  0.98431373  0.97647059  0.97647059  0.82745098
  0.1372549  -1.         -1.         -1.         -1.         -1.
 -1.         -1.         -1.         -1.         -1.         -1.
 -1.         -1.         -1.         -1.         -1.         -1.
 -1.         -1.         -1.         -0.80392157  0.00392157  0.97647059
  0.98431373  0.97647059  0.10588235 -0.70980392 -1.         -1.
 -1.         -1.         -1.         -1.         -1.         -1.
 -1.         -1.         -1.         -1.         -1.         -1.
 -1.         -1.         -1.         -1.         -1.         -1.
 -1.         -1.         -1.         -1.         -1.         -1.
 -1.         -1.         -1.         -1.         -1.         -1.
 -1.         -1.         -1.         -1.         -1.         -1.
 -1.         -1.         -1.         -1.         -1.         -1.
 -1.         -1.         -1.         -1.         -1.         -1.
 -1.         -1.         -1.         -1.         -1.         -1.
 -1.         -1.         -1.         -1.         -1.         -1.
 -1.         -1.         -1.         -1.         -1.         -1.
 -1.         -1.         -1.         -1.         -1.         -1.
 -1.         -1.         -1.         -1.         -1.         -1.
 -1.         -1.         -1.         -1.         -1.         -1.
 -1.         -1.         -1.         -1.         -1.         -1.
 -1.         -1.         -1.         -1.         -1.         -1.
 -1.         -1.         -1.         -1.         -1.         -1.
 -1.         -1.         -1.         -1.         -1.         -1.
 -1.         -1.         -1.         -1.         -1.         -1.
 -1.         -1.         -1.         -1.         -1.         -1.
 -1.         -1.         -1.         -1.        ][-1.         -1.         -1.         -1.         -1.         -1.
 -1.         -1.         -1.         -1.         -1.         -1.
 -1.         -1.         -1.         -1.         -1.         -1.
 -1.         -1.         -1.         -1.         -1.         -1.
 -1.         -1.         -1.         -1.         -1.         -1.
 -1.         -1.         -1.         -1.         -1.         -1.
 -1.         -1.         -1.         -1.         -1.         -1.
 -1.         -1.         -1.         -1.         -1.         -1.
 -1.         -1.         -1.         -1.         -1.         -1.
 -1.         -1.         -1.         -1.         -1.         -1.
 -1.         -1.         -1.         -1.         -1.         -1.
 -1.         -1.         -1.         -1.         -1.         -1.
 -1.         -1.         -1.         -1.         -1.         -1.
 -1.         -1.         -1.         -1.         -1.         -1.
 -1.         -1.         -1.         -1.         -1.         -1.
 -1.         -1.         -1.         -1.         -1.         -1.
 -1.         -1.         -1.         -1.         -1.         -1.
 -1.         -1.         -1.         -1.         -1.         -1.
 -1.         -1.         -1.         -1.         -1.         -1.
 -1.         -1.         -1.         -1.         -1.         -1.
 -1.         -1.         -1.         -1.         -1.         -1.
 -1.         -1.         -1.         -1.         -1.         -1.
 -1.         -1.         -1.         -1.         -1.         -1.
 -1.         -1.         -1.         -1.         -1.         -1.
 -1.         -1.         -1.         -1.         -1.         -1.
 -1.         -1.         -1.         -1.         -1.         -1.
 -1.         -1.         -0.02745098  0.98431373  1.         -0.50588235
 -1.         -1.         -1.         -1.         -1.         -1.
 -1.         -1.         -1.         -1.         -1.         -1.
 -1.         -1.         -1.         -1.         -1.         -1.
 -1.         -1.         -1.         -1.         -1.         -0.24705882
  0.91372549  0.96862745  0.98431373 -0.51372549 -1.         -1.
 -1.         -1.         -1.         -1.         -1.         -1.
 -1.         -1.         -1.         -1.         -1.         -1.
 -1.         -1.         -1.         -1.         -1.         -1.
 -1.         -1.         -1.         -0.00392157  0.96862745  0.96862745
  0.98431373 -0.51372549 -1.         -1.         -1.         -1.
 -1.         -1.         -1.         -1.         -1.         -1.
 -1.         -1.         -1.         -1.         -1.         -1.
 -1.         -1.         -1.         -1.         -1.         -1.
 -0.46666667  0.85098039  0.96862745  0.65490196 -0.75686275 -0.9372549
 -1.         -1.         -1.         -1.         -1.         -1.
 -1.         -1.         -1.         -1.         -1.         -1.
 -1.         -1.         -1.         -1.         -1.         -1.
 -1.         -1.         -1.         -0.52941176  0.78823529  0.96862745
  0.96862745 -0.2627451  -1.         -1.         -1.         -1.
 -1.         -1.         -1.         -1.         -1.         -1.
 -1.         -1.         -1.         -1.         -1.         -1.
 -1.         -1.         -1.         -1.         -1.         -1.
 -1.          0.21568627  0.98431373  0.98431373  0.48235294 -1.
 -1.         -1.         -1.         -1.         -1.         -1.
 -1.         -1.         -1.         -1.         -1.         -1.
 -1.         -1.         -1.         -1.         -1.         -1.
 -1.         -1.         -1.         -1.         -0.84313725  0.98431373
  0.96862745  0.84313725 -0.48235294 -1.         -1.         -1.
 -1.         -1.         -1.         -1.         -1.         -1.
 -1.         -1.         -1.         -1.         -1.         -1.
 -1.         -1.         -1.         -1.         -1.         -1.
 -1.         -0.74901961  0.60784314  0.98431373  0.96862745 -0.01176471
 -1.         -1.         -1.         -1.         -1.         -1.
 -1.         -1.         -1.         -1.         -1.         -1.
 -1.         -1.         -1.         -1.         -1.         -1.
 -1.         -1.         -1.         -1.         -1.         -0.18431373
  0.96862745  0.98431373  0.44313725 -0.88235294 -1.         -1.
 -1.         -1.         -1.         -1.         -1.         -1.
 -1.         -1.         -1.         -1.         -1.         -1.
 -1.         -1.         -1.         -1.         -1.         -1.
 -1.         -1.         -0.37254902  0.88235294  0.96862745  0.51372549
 -0.81960784 -1.         -1.         -1.         -1.         -1.
 -1.         -1.         -1.         -1.         -1.         -1.
 -1.         -1.         -1.         -1.         -1.         -1.
 -1.         -1.         -1.         -1.         -1.         -0.74901961
  0.98431373  0.98431373  0.98431373  0.24705882 -1.         -1.
 -1.         -1.         -1.         -1.         -1.         -1.
 -1.         -1.         -1.         -1.         -1.         -1.
 -1.         -1.         -1.         -1.         -1.         -1.
 -1.         -1.         -1.          0.18431373  0.96862745  0.96862745
  0.96862745 -0.69411765 -1.         -1.         -1.         -1.
 -1.         -1.         -1.         -1.         -1.         -1.
 -1.         -1.         -1.         -1.         -1.         -1.
 -1.         -1.         -1.         -1.         -1.         -1.
 -0.62352941  0.73333333  0.96862745  0.96862745  0.34901961 -1.
 -1.         -1.         -1.         -1.         -1.         -1.
 -1.         -1.         -1.         -1.         -1.         -1.
 -1.         -1.         -1.         -1.         -1.         -1.
 -1.         -1.         -1.         -1.          0.83529412  0.96862745
  0.96862745  0.5372549  -0.90588235 -1.         -1.         -1.
 -1.         -1.         -1.         -1.         -1.         -1.
 -1.         -1.         -1.         -1.         -1.         -1.
 -1.         -1.         -1.         -1.         -1.         -1.
 -1.         -1.          0.98431373  0.96862745  0.96862745 -0.30196078
 -1.         -1.         -1.         -1.         -1.         -1.
 -1.         -1.         -1.         -1.         -1.         -1.
 -1.         -1.         -1.         -1.         -1.         -1.
 -1.         -1.         -1.         -1.         -1.          0.24705882
  1.          0.98431373  0.98431373 -0.75686275 -1.         -1.
 -1.         -1.         -1.         -1.         -1.         -1.
 -1.         -1.         -1.         -1.         -1.         -1.
 -1.         -1.         -1.         -1.         -1.         -1.
 -1.         -1.         -0.62352941  0.78823529  0.98431373  0.9372549
  0.09803922 -0.9372549  -1.         -1.         -1.         -1.
 -1.         -1.         -1.         -1.         -1.         -1.
 -1.         -1.         -1.         -1.         -1.         -1.
 -1.         -1.         -1.         -1.         -1.         -1.
 -0.49803922  0.96862745  0.98431373  0.7254902  -1.         -1.
 -1.         -1.         -1.         -1.         -1.         -1.
 -1.         -1.         -1.         -1.         -1.         -1.
 -1.         -1.         -1.         -1.         -1.         -1.
 -1.         -1.         -1.         -1.         -0.49803922  0.96862745
  0.98431373  0.7254902  -1.         -1.         -1.         -1.
 -1.         -1.         -1.         -1.         -1.         -1.
 -1.         -1.         -1.         -1.         -1.         -1.
 -1.         -1.         -1.         -1.         -1.         -1.
 -1.         -1.         -0.81176471  0.51372549  0.98431373  0.7254902
 -1.         -1.         -1.         -1.         -1.         -1.
 -1.         -1.         -1.         -1.         -1.         -1.
 -1.         -1.         -1.         -1.         -1.         -1.
 -1.         -1.         -1.         -1.         -1.         -1.
 -1.         -1.         -1.         -1.         -1.         -1.
 -1.         -1.         -1.         -1.         -1.         -1.
 -1.         -1.         -1.         -1.         -1.         -1.
 -1.         -1.         -1.         -1.         -1.         -1.
 -1.         -1.         -1.         -1.         -1.         -1.
 -1.         -1.         -1.         -1.         -1.         -1.
 -1.         -1.         -1.         -1.         -1.         -1.
 -1.         -1.         -1.         -1.         -1.         -1.
 -1.         -1.         -1.         -1.         -1.         -1.
 -1.         -1.         -1.         -1.         -1.         -1.
 -1.         -1.         -1.         -1.         -1.         -1.
 -1.         -1.         -1.         -1.         -1.         -1.
 -1.         -1.         -1.         -1.        ][-1.         -1.         -1.         -1.         -1.         -1.
 -1.         -1.         -1.         -1.         -1.         -1.
 -1.         -1.         -1.         -1.         -1.         -1.
 -1.         -1.         -1.         -1.         -1.         -1.
 -1.         -1.         -1.         -1.         -1.         -1.
 -1.         -1.         -1.         -1.         -1.         -1.
 -1.         -1.         -1.         -1.         -1.         -1.
 -1.         -1.         -1.         -1.         -1.         -1.
 -1.         -1.         -1.         -1.         -1.         -1.
 -1.         -1.         -1.         -1.         -1.         -1.
 -1.         -1.         -1.         -1.         -1.         -1.
 -1.         -1.         -1.         -1.         -1.         -1.
 -1.         -1.         -1.         -1.         -1.         -1.
 -1.         -1.         -1.         -1.         -1.         -1.
 -1.         -1.         -1.         -1.         -1.         -1.
 -1.         -1.         -1.         -1.         -1.         -1.
 -1.         -1.         -1.         -1.         -1.         -1.
 -1.         -1.         -1.         -1.         -1.         -1.
 -1.         -1.         -1.         -1.         -1.         -1.
 -1.         -1.         -1.         -1.         -1.         -1.
 -1.         -1.         -1.         -1.         -1.         -1.
 -1.         -1.         -1.         -1.         -1.         -1.
 -1.         -1.         -1.         -1.         -1.         -1.
 -1.         -1.         -1.         -1.         -1.         -1.
 -1.         -1.         -1.         -1.         -1.         -1.
 -1.         -1.         -1.         -1.         -1.         -0.89803922
 -0.80392157 -0.21568627 -0.04313725 -0.94509804 -1.         -1.
 -1.         -1.         -1.         -1.         -1.         -1.
 -1.         -1.         -1.         -1.         -1.         -1.
 -1.         -1.         -1.         -1.         -1.         -1.
 -1.         -0.74117647  0.18431373  0.63137255  0.97647059  0.97647059
  0.97647059  0.14509804 -1.         -1.         -1.         -1.
 -1.         -1.         -1.         -1.         -1.         -1.
 -1.         -1.         -1.         -1.         -1.         -1.
 -1.         -1.         -1.         -0.68627451  0.19215686  0.91372549
  0.97647059  0.98431373  0.75686275  0.65490196  0.97647059  0.81960784
 -0.68627451 -1.         -1.         -1.         -1.         -1.
 -1.         -1.         -1.         -1.         -1.         -1.
 -1.         -1.         -1.         -1.         -1.         -0.88235294
  0.19215686  0.8745098   0.97647059  0.97647059  0.97647059  0.69411765
 -0.75686275 -0.70980392  0.97647059  0.97647059 -0.52941176 -1.
 -1.         -1.         -1.         -1.         -1.         -1.
 -1.         -1.         -1.         -1.         -1.         -1.
 -1.         -1.         -1.         -0.24705882  0.97647059  0.97647059
  0.97647059  0.97647059  0.70196078 -0.77254902 -1.         -0.70980392
  0.97647059  0.97647059 -0.52941176 -1.         -1.         -1.
 -1.         -1.         -1.         -1.         -1.         -1.
 -1.         -1.         -1.         -1.         -1.         -1.
 -1.          0.41960784  0.97647059  0.97647059  0.7254902   0.30980392
 -0.76470588 -1.         -1.         -0.39607843  0.97647059  0.97647059
 -0.52941176 -1.         -1.         -1.         -1.         -1.
 -1.         -1.         -1.         -1.         -1.         -1.
 -1.         -1.         -1.         -1.         -1.         -0.79607843
  0.00392157 -0.54509804 -0.82745098 -1.         -1.         -1.
 -1.         -0.21568627  0.97647059  0.97647059 -0.52941176 -1.
 -1.         -1.         -1.         -1.         -1.         -1.
 -1.         -1.         -1.         -1.         -1.         -1.
 -1.         -1.         -1.         -1.         -1.         -1.
 -1.         -1.         -1.         -1.         -1.          0.23137255
  0.97647059  0.97647059 -0.52941176 -1.         -1.         -1.
 -1.         -1.         -1.         -1.         -1.         -1.
 -1.         -1.         -1.         -1.         -1.         -1.
 -1.         -1.         -1.         -1.         -1.         -0.1372549
 -0.05098039 -0.04313725 -0.05098039  0.58431373  0.97647059  0.52156863
 -0.97647059 -1.         -1.         -1.         -1.         -1.
 -1.         -1.         -1.         -1.         -1.         -1.
 -1.         -1.         -1.         -1.         -1.         -1.
 -0.92156863 -0.58431373  0.40392157  0.98431373  0.98431373  1.
  0.98431373  0.98431373  0.78823529 -0.7254902  -1.         -1.
 -1.         -1.         -1.         -1.         -1.         -1.
 -1.         -1.         -1.         -1.         -1.         -1.
 -1.         -1.         -0.96078431 -0.57647059  0.78039216  0.97647059
  0.90588235  0.78823529  0.33333333  0.89803922  0.97647059  0.97647059
  0.81176471 -0.08235294 -0.95294118 -1.         -1.         -1.
 -1.         -1.         -1.         -1.         -1.         -1.
 -1.         -1.         -1.         -1.         -1.         -0.95294118
 -0.38823529  0.97647059  0.97647059 -0.01960784 -0.5372549  -1.
 -0.85882353  0.63137255  0.97647059  0.97647059  0.97647059  0.97647059
 -0.31764706 -0.94509804 -1.         -1.         -1.         -1.
 -1.         -1.         -1.         -1.         -1.         -1.
 -1.         -1.         -0.96078431  0.05882353  0.97647059  0.97647059
  0.41176471 -0.8745098  -1.         -0.83529412  0.59215686  0.98431373
  0.9372549   0.01176471  0.35686275  0.97647059  0.97647059  0.44313725
 -0.48235294 -0.61568627 -0.61568627 -1.         -1.         -1.
 -1.         -1.         -1.         -1.         -1.         -0.97647059
  0.06666667  0.97647059  0.89019608 -0.16862745 -0.86666667 -1.
 -0.58431373  0.56862745  0.97647059  0.69411765 -0.49019608 -1.
 -0.89019608 -0.43529412  0.27843137  0.89019608  0.97647059  0.97647059
  0.74901961 -1.         -1.         -1.         -1.         -1.
 -1.         -1.         -1.         -0.17647059  0.97647059  0.89803922
 -0.30980392 -0.85882353 -0.42745098  0.33333333  0.91372549  0.97647059
 -0.01176471 -0.77254902 -1.         -1.         -1.         -1.
 -1.         -0.30196078  0.41176471  0.41176471 -0.70980392 -1.
 -1.         -1.         -1.         -1.         -1.         -1.
 -1.          0.81176471  0.97647059  0.92156863  0.60784314  0.69411765
  0.97647059  0.97647059  0.97647059 -0.02745098 -0.97647059 -1.
 -1.         -1.         -1.         -1.         -1.         -1.
 -1.         -1.         -1.         -1.         -1.         -1.
 -1.         -1.         -1.         -1.         -1.          0.62352941
  0.97647059  0.97647059  0.97647059  0.97647059  0.39607843 -0.09019608
 -0.71764706 -0.96862745 -1.         -1.         -1.         -1.
 -1.         -1.         -1.         -1.         -1.         -1.
 -1.         -1.         -1.         -1.         -1.         -1.
 -1.         -1.         -1.         -0.89803922 -0.27058824  0.12156863
 -0.05098039 -0.81960784 -0.95294118 -1.         -1.         -1.
 -1.         -1.         -1.         -1.         -1.         -1.
 -1.         -1.         -1.         -1.         -1.         -1.
 -1.         -1.         -1.         -1.         -1.         -1.
 -1.         -1.         -1.         -1.         -1.         -1.
 -1.         -1.         -1.         -1.         -1.         -1.
 -1.         -1.         -1.         -1.         -1.         -1.
 -1.         -1.         -1.         -1.         -1.         -1.
 -1.         -1.         -1.         -1.         -1.         -1.
 -1.         -1.         -1.         -1.         -1.         -1.
 -1.         -1.         -1.         -1.         -1.         -1.
 -1.         -1.         -1.         -1.         -1.         -1.
 -1.         -1.         -1.         -1.         -1.         -1.
 -1.         -1.         -1.         -1.         -1.         -1.
 -1.         -1.         -1.         -1.         -1.         -1.
 -1.         -1.         -1.         -1.         -1.         -1.
 -1.         -1.         -1.         -1.         -1.         -1.
 -1.         -1.         -1.         -1.         -1.         -1.
 -1.         -1.         -1.         -1.         -1.         -1.
 -1.         -1.         -1.         -1.         -1.         -1.
 -1.         -1.         -1.         -1.         -1.         -1.
 -1.         -1.         -1.         -1.         -1.         -1.
 -1.         -1.         -1.         -1.         -1.         -1.
 -1.         -1.         -1.         -1.         -1.         -1.
 -1.         -1.         -1.         -1.         -1.         -1.
 -1.         -1.         -1.         -1.         -1.         -1.
 -1.         -1.         -1.         -1.        ][-1.         -1.         -1.         -1.         -1.         -1.
 -1.         -1.         -1.         -1.         -1.         -1.
 -1.         -1.         -1.         -1.         -1.         -1.
 -1.         -1.         -1.         -1.         -1.         -1.
 -1.         -1.         -1.         -1.         -1.         -1.
 -1.         -1.         -1.         -1.         -1.         -1.
 -1.         -1.         -1.         -1.         -1.         -1.
 -1.         -1.         -1.         -1.         -1.         -1.
 -1.         -1.         -1.         -1.         -1.         -1.
 -1.         -1.         -1.         -1.         -1.         -1.
 -1.         -1.         -1.         -1.         -1.         -1.
 -1.         -1.         -1.         -1.         -1.         -1.
 -1.         -1.         -1.         -1.         -1.         -1.
 -1.         -1.         -1.         -1.         -1.         -1.
 -1.         -1.         -1.         -1.         -1.         -1.
 -1.         -1.         -1.         -1.         -1.         -1.
 -1.         -1.         -1.         -1.         -1.         -1.
 -1.         -1.         -1.         -1.         -1.         -1.
 -1.         -1.         -1.         -1.         -1.         -1.
 -1.         -1.         -1.         -1.         -1.         -1.
 -1.         -1.         -1.         -1.         -1.         -1.
 -1.         -1.         -1.         -1.         -1.         -1.
 -1.         -1.         -1.         -1.         -1.         -1.
 -1.         -1.         -1.         -1.         -1.         -1.
 -1.         -1.         -1.         -1.         -1.         -1.
 -1.         -0.70196078 -0.6627451  -0.17647059  1.          0.98431373
  0.98431373  0.98431373  0.98431373  0.98431373  0.36470588 -0.95294118
 -1.         -1.         -1.         -1.         -1.         -1.
 -1.         -1.         -1.         -1.         -1.         -1.
 -1.         -1.         -1.         -0.6627451   0.09019608  0.75686275
  0.77254902  0.97647059  0.98431373  0.97647059  0.97647059  0.97647059
  0.97647059  0.97647059  0.97647059  0.23921569 -0.89019608 -1.
 -1.         -1.         -1.         -1.         -1.         -1.
 -1.         -1.         -1.         -1.         -1.         -1.
 -1.          0.39607843  0.97647059  0.97647059  0.97647059  0.97647059
  0.98431373  0.97647059  0.97647059  0.97647059  0.97647059  0.97647059
  0.97647059  0.97647059 -0.5372549  -1.         -1.         -1.
 -1.         -1.         -1.         -1.         -1.         -1.
 -1.         -1.         -1.         -1.         -1.         -0.14509804
  0.97647059  0.97647059  0.80392157  0.03529412  0.04313725  0.03529412
  0.03529412  0.48235294  0.97647059  0.97647059  0.97647059  0.97647059
 -0.5372549  -1.         -1.         -1.         -1.         -1.
 -1.         -1.         -1.         -1.         -1.         -1.
 -1.         -1.         -1.         -0.96862745 -0.77254902 -0.77254902
 -0.81176471 -1.         -1.         -1.         -1.         -0.89019608
  0.77254902  0.97647059  0.97647059  0.34901961 -0.94509804 -1.
 -1.         -1.         -1.         -1.         -1.         -1.
 -1.         -1.         -1.         -1.         -1.         -1.
 -1.         -1.         -1.         -1.         -1.         -1.
 -1.         -1.         -1.         -0.33333333  0.90588235  0.97647059
  0.97647059  0.12941176 -1.         -1.         -1.         -1.
 -1.         -1.         -1.         -1.         -1.         -1.
 -1.         -1.         -1.         -1.         -1.         -1.
 -1.         -1.         -1.         -1.         -1.         -1.
 -0.30980392  0.48235294  0.97647059  0.97647059  0.97647059 -0.89019608
 -1.         -1.         -1.         -1.         -1.         -1.
 -1.         -1.         -1.         -1.         -1.         -1.
 -1.         -1.         -1.         -1.         -1.         -1.
 -1.         -1.         -0.28627451  0.6627451   0.9372549   0.97647059
  0.97647059  0.97647059  0.6        -0.92941176 -1.         -1.
 -1.         -1.         -1.         -1.         -1.         -1.
 -1.         -1.         -1.         -1.         -1.         -1.
 -1.         -0.74901961 -0.01960784  0.51372549  0.51372549  0.51372549
  0.98431373  0.97647059  0.97647059  0.97647059  0.86666667 -0.2
 -0.78039216 -1.         -1.         -1.         -1.         -1.
 -1.         -1.         -1.         -1.         -1.         -1.
 -1.         -1.         -1.         -1.         -0.64705882  0.74117647
  0.97647059  0.97647059  0.97647059  0.97647059  0.98431373  0.97647059
  0.97647059  0.97647059  0.38823529 -1.         -1.         -1.
 -1.         -1.         -1.         -1.         -1.         -1.
 -1.         -1.         -1.         -1.         -1.         -1.
 -1.         -1.         -0.64705882  0.74901961  0.98431373  0.98431373
  0.98431373  0.98431373  1.          0.98431373  0.98431373  0.98431373
  0.98431373 -0.41960784 -1.         -1.         -1.         -1.
 -1.         -1.         -1.         -1.         -1.         -1.
 -1.         -1.         -1.         -1.         -1.         -1.
 -1.         -0.75686275 -0.03529412 -0.59215686 -0.65490196 -0.65490196
 -0.65490196 -0.65490196  0.12156863  0.97647059  0.97647059 -0.41960784
 -1.         -1.         -1.         -1.         -1.         -1.
 -1.         -1.         -1.         -1.         -1.         -1.
 -1.         -1.         -1.         -1.         -1.         -1.
 -1.         -1.         -1.         -1.         -1.         -1.
 -0.88235294  0.97647059  0.97647059 -0.41960784 -1.         -1.
 -1.         -1.         -1.         -1.         -1.         -1.
 -1.         -1.         -1.         -1.         -1.         -1.
 -1.         -1.         -1.         -1.         -1.         -1.
 -1.         -1.         -1.         -1.         -0.3254902   0.97647059
  0.97647059 -0.41960784 -1.         -1.         -1.         -1.
 -1.         -1.         -1.         -1.         -1.         -1.
 -1.         -1.         -1.         -1.         -0.96078431 -0.41176471
 -0.92941176 -1.         -1.         -1.         -1.         -1.
 -1.         -0.23137255  0.89803922  0.97647059  0.97647059 -0.41960784
 -1.         -1.         -1.         -1.         -1.         -1.
 -1.         -1.         -1.         -1.         -1.         -1.
 -1.         -0.52156863  0.43529412  0.97647059 -0.77254902 -1.
 -1.         -1.         -1.         -0.85882353 -0.27843137  0.8745098
  0.97647059  0.97647059  0.90588235 -0.49019608 -1.         -1.
 -1.         -1.         -1.         -1.         -1.         -1.
 -1.         -1.         -1.         -1.         -1.          0.63137255
  0.97647059  0.97647059  0.15294118  0.05098039  0.05098039  0.05098039
  0.05098039  0.59215686  0.98431373  0.97647059  0.97647059  0.4745098
 -0.34901961 -1.         -1.         -1.         -1.         -1.
 -1.         -1.         -1.         -1.         -1.         -1.
 -1.         -1.         -1.          0.63137255  0.97647059  0.97647059
  0.97647059  0.97647059  0.97647059  0.97647059  0.97647059  0.97647059
  0.98431373  0.80392157  0.2        -0.9372549  -1.         -1.
 -1.         -1.         -1.         -1.         -1.         -1.
 -1.         -1.         -1.         -1.         -1.         -1.
 -1.         -0.61568627  0.23137255  0.97647059  0.97647059  0.97647059
  0.97647059  0.97647059  0.70196078  0.62352941  0.14509804 -0.64705882
 -1.         -1.         -1.         -1.         -1.         -1.
 -1.         -1.         -1.         -1.         -1.         -1.
 -1.         -1.         -1.         -1.         -1.         -1.
 -0.94509804 -0.19215686  0.84313725  0.97647059  0.34901961 -0.19215686
 -0.81176471 -1.         -1.         -1.         -1.         -1.
 -1.         -1.         -1.         -1.         -1.         -1.
 -1.         -1.         -1.         -1.         -1.         -1.
 -1.         -1.         -1.         -1.         -1.         -1.
 -1.         -1.         -1.         -1.         -1.         -1.
 -1.         -1.         -1.         -1.         -1.         -1.
 -1.         -1.         -1.         -1.         -1.         -1.
 -1.         -1.         -1.         -1.         -1.         -1.
 -1.         -1.         -1.         -1.         -1.         -1.
 -1.         -1.         -1.         -1.         -1.         -1.
 -1.         -1.         -1.         -1.         -1.         -1.
 -1.         -1.         -1.         -1.         -1.         -1.
 -1.         -1.         -1.         -1.         -1.         -1.
 -1.         -1.         -1.         -1.         -1.         -1.
 -1.         -1.         -1.         -1.         -1.         -1.
 -1.         -1.         -1.         -1.         -1.         -1.
 -1.         -1.         -1.         -1.        ][-1.         -1.         -1.         -1.         -1.         -1.
 -1.         -1.         -1.         -1.         -1.         -1.
 -1.         -1.         -1.         -1.         -1.         -1.
 -1.         -1.         -1.         -1.         -1.         -1.
 -1.         -1.         -1.         -1.         -1.         -1.
 -1.         -1.         -1.         -1.         -1.         -1.
 -1.         -1.         -1.         -1.         -1.         -1.
 -1.         -1.         -1.         -1.         -1.         -1.
 -1.         -1.         -1.         -1.         -1.         -1.
 -1.         -1.         -1.         -1.         -1.         -1.
 -1.         -1.         -1.         -1.         -1.         -1.
 -1.         -1.         -1.         -1.         -1.         -1.
 -1.         -1.         -1.         -1.         -1.         -1.
 -1.         -1.         -1.         -1.         -1.         -1.
 -1.         -1.         -1.         -1.         -1.         -1.
 -1.         -1.         -1.         -1.         -1.         -1.
 -1.         -1.         -1.         -1.         -1.         -1.
 -1.         -1.         -1.         -1.         -1.         -1.
 -1.         -1.         -1.         -1.         -1.         -1.
 -1.         -1.         -1.         -1.         -1.         -1.
 -1.         -1.         -1.         -1.         -1.         -1.
 -1.         -1.         -1.         -1.         -1.         -1.
 -1.         -1.         -1.         -1.         -1.         -1.
 -1.         -1.         -1.         -1.         -1.         -1.
 -1.         -1.         -1.         -1.         -1.         -1.
 -1.         -1.         -1.         -1.         -1.         -1.
 -1.         -1.         -1.         -1.         -0.4745098   0.81960784
 -0.69411765 -1.         -1.         -1.         -1.         -1.
 -1.         -1.         -1.         -1.         -0.51372549 -0.36470588
 -1.         -1.         -1.         -1.         -1.         -1.
 -1.         -1.         -1.         -1.         -1.         -1.
 -1.         -1.         -0.05882353  0.41176471 -0.69411765 -1.
 -1.         -1.         -1.         -1.         -1.         -1.
 -1.         -1.         -0.01176471  0.27843137 -1.         -1.
 -1.         -1.         -1.         -1.         -1.         -1.
 -1.         -1.         -1.         -1.         -1.         -0.98431373
  0.2         0.64705882 -0.68627451 -1.         -1.         -1.
 -1.         -1.         -1.         -1.         -1.         -1.
  0.7254902   0.27843137 -1.         -1.         -1.         -1.
 -1.         -1.         -1.         -1.         -1.         -1.
 -1.         -1.         -1.         -0.78823529  0.99215686  0.27058824
 -1.         -1.         -1.         -1.         -1.         -1.
 -1.         -1.         -1.         -1.          0.74117647  0.27843137
 -1.         -1.         -1.         -1.         -1.         -1.
 -1.         -1.         -1.         -1.         -1.         -1.
 -1.          0.43529412  0.99215686 -0.01960784 -1.         -1.
 -1.         -1.         -1.         -1.         -1.         -1.
 -1.         -0.63921569  0.92156863  0.27843137 -1.         -1.
 -1.         -1.         -1.         -1.         -1.         -1.
 -1.         -1.         -1.         -1.         -1.          0.55294118
  0.99215686 -0.56078431 -1.         -1.         -1.         -1.
 -1.         -1.         -1.         -1.         -1.         -0.05882353
  0.99215686  0.27843137 -1.         -1.         -1.         -1.
 -1.         -1.         -1.         -1.         -1.         -1.
 -1.         -1.         -0.81960784  0.81176471  0.99215686 -0.77254902
 -1.         -1.         -1.         -1.         -1.         -1.
 -1.         -1.         -1.          0.24705882  0.99215686 -0.05882353
 -1.         -1.         -1.         -1.         -1.         -1.
 -1.         -1.         -1.         -1.         -1.         -1.
  0.27843137  0.99215686  0.69411765 -0.8745098  -1.         -1.
 -1.         -1.         -1.         -1.         -1.         -1.
 -1.          0.24705882  0.99215686 -0.4745098  -1.         -1.
 -1.         -1.         -1.         -1.         -1.         -1.
 -1.         -0.89019608 -0.3254902   0.39607843  0.94509804  0.99215686
 -0.28627451 -1.         -1.         -1.         -1.         -1.
 -1.         -1.         -1.         -1.         -1.          0.24705882
  0.99215686 -0.33333333 -1.         -1.         -1.         -0.63137255
 -0.61568627 -0.09019608  0.12941176  0.17647059  0.89019608  0.90588235
  0.83529412  0.40392157  0.89019608  0.97647059 -0.68627451 -1.
 -1.         -1.         -1.         -1.         -1.         -1.
 -1.         -1.         -1.          0.17647059  0.98431373  0.85882353
  0.62352941  0.62352941  0.62352941  0.98431373  0.99215686  0.96078431
  0.88235294  0.55294118  0.12156863 -0.28627451 -0.78039216 -0.96078431
  0.82745098  0.96078431 -1.         -1.         -1.         -1.
 -1.         -1.         -1.         -1.         -1.         -1.
 -1.         -1.         -0.06666667  0.38823529  0.38823529  0.38823529
  0.38823529  0.38823529 -0.23137255 -0.56078431 -1.         -1.
 -1.         -1.         -1.         -0.2         0.99215686  0.7254902
 -1.         -1.         -1.         -1.         -1.         -1.
 -1.         -1.         -1.         -1.         -1.         -1.
 -1.         -1.         -1.         -1.         -1.         -1.
 -1.         -1.         -1.         -1.         -1.         -1.
 -1.          0.3254902   0.99215686  0.0745098  -1.         -1.
 -1.         -1.         -1.         -1.         -1.         -1.
 -1.         -1.         -1.         -1.         -1.         -1.
 -1.         -1.         -1.         -1.         -1.         -1.
 -1.         -1.         -1.         -1.         -1.          0.3254902
  0.99215686 -0.55294118 -1.         -1.         -1.         -1.
 -1.         -1.         -1.         -1.         -1.         -1.
 -1.         -1.         -1.         -1.         -1.         -1.
 -1.         -1.         -1.         -1.         -1.         -1.
 -1.         -1.         -1.          0.3254902   0.99215686 -0.55294118
 -1.         -1.         -1.         -1.         -1.         -1.
 -1.         -1.         -1.         -1.         -1.         -1.
 -1.         -1.         -1.         -1.         -1.         -1.
 -1.         -1.         -1.         -1.         -1.         -1.
 -1.          0.3254902   1.         -0.2627451  -1.         -1.
 -1.         -1.         -1.         -1.         -1.         -1.
 -1.         -1.         -1.         -1.         -1.         -1.
 -1.         -1.         -1.         -1.         -1.         -1.
 -1.         -1.         -1.         -1.         -1.          0.3254902
  0.99215686 -0.24705882 -1.         -1.         -1.         -1.
 -1.         -1.         -1.         -1.         -1.         -1.
 -1.         -1.         -1.         -1.         -1.         -1.
 -1.         -1.         -1.         -1.         -1.         -1.
 -1.         -1.         -1.          0.3254902   0.99215686  0.2
 -1.         -1.         -1.         -1.         -1.         -1.
 -1.         -1.         -1.         -1.         -1.         -1.
 -1.         -1.         -1.         -1.         -1.         -1.
 -1.         -1.         -1.         -1.         -1.         -1.
 -1.          0.3254902   1.          0.2        -1.         -1.
 -1.         -1.         -1.         -1.         -1.         -1.
 -1.         -1.         -1.         -1.         -1.         -1.
 -1.         -1.         -1.         -1.         -1.         -1.
 -1.         -1.         -1.         -1.         -1.         -0.24705882
  0.99215686  0.2        -1.         -1.         -1.         -1.
 -1.         -1.         -1.         -1.         -1.         -1.
 -1.         -1.         -1.         -1.         -1.         -1.
 -1.         -1.         -1.         -1.         -1.         -1.
 -1.         -1.         -1.         -1.         -1.         -1.
 -1.         -1.         -1.         -1.         -1.         -1.
 -1.         -1.         -1.         -1.         -1.         -1.
 -1.         -1.         -1.         -1.         -1.         -1.
 -1.         -1.         -1.         -1.         -1.         -1.
 -1.         -1.         -1.         -1.         -1.         -1.
 -1.         -1.         -1.         -1.         -1.         -1.
 -1.         -1.         -1.         -1.         -1.         -1.
 -1.         -1.         -1.         -1.         -1.         -1.
 -1.         -1.         -1.         -1.         -1.         -1.
 -1.         -1.         -1.         -1.         -1.         -1.
 -1.         -1.         -1.         -1.        ][-1.         -1.         -1.         -1.         -1.         -1.
 -1.         -1.         -1.         -1.         -1.         -1.
 -1.         -1.         -1.         -1.         -1.         -1.
 -1.         -1.         -1.         -1.         -1.         -1.
 -1.         -1.         -1.         -1.         -1.         -1.
 -1.         -1.         -1.         -1.         -1.         -1.
 -1.         -1.         -1.         -1.         -1.         -1.
 -1.         -1.         -1.         -1.         -1.         -1.
 -1.         -1.         -1.         -1.         -1.         -1.
 -1.         -1.         -1.         -1.         -1.         -1.
 -1.         -1.         -1.         -1.         -1.         -1.
 -1.         -1.         -1.         -1.         -1.         -1.
 -1.         -1.         -1.         -1.         -1.         -1.
 -1.         -1.         -1.         -1.         -1.         -1.
 -1.         -1.         -1.         -1.         -1.         -1.
 -1.         -1.         -1.         -1.         -1.         -1.
 -1.         -1.         -1.         -1.         -1.         -1.
 -1.         -1.         -1.         -1.         -1.         -1.
 -1.         -1.         -1.         -1.         -1.         -1.
 -1.         -1.         -1.         -1.         -1.         -1.
 -1.         -1.         -1.         -1.         -1.         -1.
 -1.         -1.         -1.         -1.         -1.         -1.
 -1.         -1.         -1.         -1.         -1.         -1.
 -1.         -1.         -1.         -1.         -1.         -1.
 -1.         -1.         -1.         -1.         -1.         -1.
 -1.         -1.         -0.97647059 -0.85882353 -0.85882353 -0.85882353
 -0.01176471  0.06666667  0.37254902 -0.79607843  0.30196078  1.
  0.9372549  -0.00392157 -1.         -1.         -1.         -1.
 -1.         -1.         -1.         -1.         -1.         -1.
 -1.         -1.         -0.76470588 -0.71764706 -0.2627451   0.20784314
  0.33333333  0.98431373  0.98431373  0.98431373  0.98431373  0.98431373
  0.76470588  0.34901961  0.98431373  0.89803922  0.52941176 -0.49803922
 -1.         -1.         -1.         -1.         -1.         -1.
 -1.         -1.         -1.         -1.         -1.         -0.61568627
  0.86666667  0.98431373  0.98431373  0.98431373  0.98431373  0.98431373
  0.98431373  0.98431373  0.98431373  0.96862745 -0.27058824 -0.35686275
 -0.35686275 -0.56078431 -0.69411765 -1.         -1.         -1.
 -1.         -1.         -1.         -1.         -1.         -1.
 -1.         -1.         -1.         -0.85882353  0.71764706  0.98431373
  0.98431373  0.98431373  0.98431373  0.98431373  0.55294118  0.42745098
  0.9372549   0.89019608 -1.         -1.         -1.         -1.
 -1.         -1.         -1.         -1.         -1.         -1.
 -1.         -1.         -1.         -1.         -1.         -1.
 -1.         -1.         -0.37254902  0.22352941 -0.16078431  0.98431373
  0.98431373  0.60784314 -0.91372549 -1.         -0.6627451   0.20784314
 -1.         -1.         -1.         -1.         -1.         -1.
 -1.         -1.         -1.         -1.         -1.         -1.
 -1.         -1.         -1.         -1.         -1.         -1.
 -1.         -0.89019608 -0.99215686  0.20784314  0.98431373 -0.29411765
 -1.         -1.         -1.         -1.         -1.         -1.
 -1.         -1.         -1.         -1.         -1.         -1.
 -1.         -1.         -1.         -1.         -1.         -1.
 -1.         -1.         -1.         -1.         -1.         -1.
 -1.          0.09019608  0.98431373  0.49019608 -0.98431373 -1.
 -1.         -1.         -1.         -1.         -1.         -1.
 -1.         -1.         -1.         -1.         -1.         -1.
 -1.         -1.         -1.         -1.         -1.         -1.
 -1.         -1.         -1.         -1.         -1.         -0.91372549
  0.49019608  0.98431373 -0.45098039 -1.         -1.         -1.
 -1.         -1.         -1.         -1.         -1.         -1.
 -1.         -1.         -1.         -1.         -1.         -1.
 -1.         -1.         -1.         -1.         -1.         -1.
 -1.         -1.         -1.         -1.         -0.7254902   0.89019608
  0.76470588  0.25490196 -0.15294118 -0.99215686 -1.         -1.
 -1.         -1.         -1.         -1.         -1.         -1.
 -1.         -1.         -1.         -1.         -1.         -1.
 -1.         -1.         -1.         -1.         -1.         -1.
 -1.         -1.         -1.         -0.36470588  0.88235294  0.98431373
  0.98431373 -0.06666667 -0.80392157 -1.         -1.         -1.
 -1.         -1.         -1.         -1.         -1.         -1.
 -1.         -1.         -1.         -1.         -1.         -1.
 -1.         -1.         -1.         -1.         -1.         -1.
 -1.         -1.         -0.64705882  0.45882353  0.98431373  0.98431373
  0.17647059 -0.78823529 -1.         -1.         -1.         -1.
 -1.         -1.         -1.         -1.         -1.         -1.
 -1.         -1.         -1.         -1.         -1.         -1.
 -1.         -1.         -1.         -1.         -1.         -1.
 -1.         -0.8745098  -0.27058824  0.97647059  0.98431373  0.46666667
 -1.         -1.         -1.         -1.         -1.         -1.
 -1.         -1.         -1.         -1.         -1.         -1.
 -1.         -1.         -1.         -1.         -1.         -1.
 -1.         -1.         -1.         -1.         -1.         -1.
 -1.          0.95294118  0.98431373  0.95294118 -0.49803922 -1.
 -1.         -1.         -1.         -1.         -1.         -1.
 -1.         -1.         -1.         -1.         -1.         -1.
 -1.         -1.         -1.         -1.         -1.         -1.
 -1.         -1.         -0.63921569  0.01960784  0.43529412  0.98431373
  0.98431373  0.62352941 -0.98431373 -1.         -1.         -1.
 -1.         -1.         -1.         -1.         -1.         -1.
 -1.         -1.         -1.         -1.         -1.         -1.
 -1.         -1.         -1.         -1.         -0.69411765  0.16078431
  0.79607843  0.98431373  0.98431373  0.98431373  0.96078431  0.42745098
 -1.         -1.         -1.         -1.         -1.         -1.
 -1.         -1.         -1.         -1.         -1.         -1.
 -1.         -1.         -1.         -1.         -1.         -1.
 -0.81176471 -0.10588235  0.73333333  0.98431373  0.98431373  0.98431373
  0.98431373  0.57647059 -0.38823529 -1.         -1.         -1.
 -1.         -1.         -1.         -1.         -1.         -1.
 -1.         -1.         -1.         -1.         -1.         -1.
 -1.         -1.         -0.81960784 -0.48235294  0.67058824  0.98431373
  0.98431373  0.98431373  0.98431373  0.55294118 -0.36470588 -0.98431373
 -1.         -1.         -1.         -1.         -1.         -1.
 -1.         -1.         -1.         -1.         -1.         -1.
 -1.         -1.         -1.         -1.         -0.85882353  0.34117647
  0.71764706  0.98431373  0.98431373  0.98431373  0.98431373  0.52941176
 -0.37254902 -0.92941176 -1.         -1.         -1.         -1.
 -1.         -1.         -1.         -1.         -1.         -1.
 -1.         -1.         -1.         -1.         -1.         -1.
 -0.56862745  0.34901961  0.77254902  0.98431373  0.98431373  0.98431373
  0.98431373  0.91372549  0.04313725 -0.91372549 -1.         -1.
 -1.         -1.         -1.         -1.         -1.         -1.
 -1.         -1.         -1.         -1.         -1.         -1.
 -1.         -1.         -1.         -1.          0.06666667  0.98431373
  0.98431373  0.98431373  0.6627451   0.05882353  0.03529412 -0.8745098
 -1.         -1.         -1.         -1.         -1.         -1.
 -1.         -1.         -1.         -1.         -1.         -1.
 -1.         -1.         -1.         -1.         -1.         -1.
 -1.         -1.         -1.         -1.         -1.         -1.
 -1.         -1.         -1.         -1.         -1.         -1.
 -1.         -1.         -1.         -1.         -1.         -1.
 -1.         -1.         -1.         -1.         -1.         -1.
 -1.         -1.         -1.         -1.         -1.         -1.
 -1.         -1.         -1.         -1.         -1.         -1.
 -1.         -1.         -1.         -1.         -1.         -1.
 -1.         -1.         -1.         -1.         -1.         -1.
 -1.         -1.         -1.         -1.         -1.         -1.
 -1.         -1.         -1.         -1.         -1.         -1.
 -1.         -1.         -1.         -1.         -1.         -1.
 -1.         -1.         -1.         -1.         -1.         -1.
 -1.         -1.         -1.         -1.         -1.         -1.
 -1.         -1.         -1.         -1.        ][-1.         -1.         -1.         -1.         -1.         -1.
 -1.         -1.         -1.         -1.         -1.         -1.
 -1.         -1.         -1.         -1.         -1.         -1.
 -1.         -1.         -1.         -1.         -1.         -1.
 -1.         -1.         -1.         -1.         -1.         -1.
 -1.         -1.         -1.         -1.         -1.         -1.
 -1.         -1.         -1.         -1.         -1.         -1.
 -1.         -1.         -1.         -1.         -1.         -1.
 -1.         -1.         -1.         -1.         -1.         -1.
 -1.         -1.         -1.         -1.         -1.         -1.
 -1.         -1.         -1.         -1.         -1.         -1.
 -1.         -1.         -1.         -1.         -1.         -1.
 -0.70196078  0.74117647  0.76470588 -1.         -1.         -1.
 -1.         -1.         -1.         -1.         -1.         -1.
 -1.         -1.         -1.         -1.         -1.         -1.
 -1.         -1.         -1.         -1.         -1.         -1.
 -1.         -1.         -1.          0.15294118  0.83529412  0.97647059
  0.38039216 -1.         -1.         -1.         -1.         -1.
 -1.         -1.         -1.         -1.         -1.         -1.
 -1.         -1.         -1.         -1.         -1.         -1.
 -1.         -1.         -1.         -1.         -1.         -0.81960784
  0.54509804  0.98431373  0.97647059  0.63137255 -0.85098039 -1.
 -1.         -1.         -1.         -1.         -1.         -1.
 -1.         -1.         -1.         -1.         -1.         -1.
 -1.         -1.         -1.         -1.         -1.         -1.
 -1.         -1.         -0.70196078  0.39607843  0.97647059  0.98431373
 -0.08235294 -0.49019608 -1.         -1.         -1.         -1.
 -1.         -1.         -1.         -1.         -1.         -1.
 -1.         -1.         -1.         -1.         -1.         -1.
 -1.         -1.         -1.         -1.         -1.         -1.
 -0.55294118  0.97647059  0.97647059  0.98431373 -0.30196078 -1.
 -1.         -1.         -1.         -1.         -1.         -1.
 -1.         -1.         -1.         -1.         -1.         -1.
 -1.         -1.         -1.         -1.         -1.         -1.
 -1.         -1.         -1.         -0.70196078  0.74117647  0.98431373
  0.98431373 -0.38039216 -1.         -1.         -1.         -1.
 -1.         -1.         -1.         -1.         -1.         -1.
 -1.         -1.         -1.         -1.         -1.         -1.
 -1.         -1.         -1.         -1.         -1.         -1.
 -1.          0.02745098  0.97647059  0.40392157 -0.78823529 -1.
 -1.         -1.         -1.         -1.         -1.         -1.
 -1.         -1.         -1.         -1.         -1.         -1.
 -1.         -1.         -1.         -1.         -1.         -1.
 -1.         -1.         -1.         -1.          0.55294118  0.92941176
  0.7254902  -0.70980392 -1.         -1.         -1.         -1.
 -1.         -1.         -1.         -1.         -1.         -1.
 -1.         -1.         -1.         -1.         -1.         -1.
 -1.         -1.         -1.         -1.         -1.         -1.
 -1.         -0.38039216  0.98431373  0.97647059  0.05882353 -0.78039216
 -1.         -1.         -1.         -1.         -1.         -1.
 -1.         -1.         -1.         -1.         -1.         -1.
 -1.         -1.         -1.         -1.         -1.         -1.
 -1.         -1.         -1.         -1.         -0.8745098   0.09803922
  0.98431373  0.97647059 -0.0745098  -1.         -1.         -1.
 -1.         -0.12941176  0.09803922  0.09803922 -1.         -1.
 -1.         -1.         -1.         -1.         -1.         -1.
 -1.         -1.         -1.         -1.         -1.         -1.
 -1.         -1.         -0.89803922  0.49803922  1.          0.98431373
 -0.56078431 -1.         -1.         -0.10588235 -0.11372549  0.74117647
  0.98431373  0.98431373  1.         -0.78823529 -1.         -1.
 -1.         -1.         -1.         -1.         -1.         -1.
 -1.         -1.         -1.         -1.         -1.         -1.
 -0.40392157  0.97647059  0.98431373  0.74901961 -0.70980392 -1.
 -0.62352941  0.36470588  0.97647059  0.97647059  0.89803922  0.67843137
  0.98431373  0.56078431 -0.75686275 -1.         -1.         -1.
 -1.         -1.         -1.         -1.         -1.         -1.
 -1.         -1.         -1.         -0.89803922 -0.14509804  0.97647059
  0.78823529  0.01960784 -1.         -0.70196078  0.29411765  0.98431373
  0.82745098  0.28627451 -0.61568627 -0.50588235  0.98431373  0.67843137
 -0.75686275 -1.         -1.         -1.         -1.         -1.
 -1.         -1.         -1.         -1.         -1.         -1.
 -1.         -0.42745098  0.97647059  0.97647059 -0.01176471 -1.
 -0.81960784  0.39607843  0.97647059  0.88235294  0.16078431 -0.94509804
 -0.65490196  0.68627451  0.88235294  0.16078431 -1.         -1.
 -1.         -1.         -1.         -1.         -1.         -1.
 -1.         -1.         -1.         -1.         -1.         -0.06666667
  0.97647059  0.97647059 -1.         -1.          0.54509804  0.97647059
  0.97647059 -0.50588235 -1.         -0.55294118  0.97647059  0.97647059
  0.09803922 -1.         -1.         -1.         -1.         -1.
 -1.         -1.         -1.         -1.         -1.         -1.
 -1.         -1.         -1.          0.05882353  0.98431373  0.36470588
 -1.         -0.62352941  0.79607843  0.98431373 -0.12156863 -1.
 -0.70196078  0.74117647  0.98431373 -0.12156863 -1.         -1.
 -1.         -1.         -1.         -1.         -1.         -1.
 -1.         -1.         -1.         -1.         -1.         -1.
 -1.          0.05882353  0.97647059  0.35686275 -1.         -0.62352941
  0.78039216  0.97647059  0.23921569  0.77254902  0.83529412  0.57647059
 -0.78823529 -0.90588235 -1.         -1.         -1.         -1.
 -1.         -1.         -1.         -1.         -1.         -1.
 -1.         -1.         -1.         -1.         -1.         -0.55294118
  0.97647059  0.97647059 -0.55294118 -0.18431373  0.88235294  0.97647059
  0.97647059  0.98431373  0.82745098 -0.41960784 -1.         -1.
 -1.         -1.         -1.         -1.         -1.         -1.
 -1.         -1.         -1.         -1.         -1.         -1.
 -1.         -1.         -1.         -0.6         0.89803922  0.97647059
  0.98431373  0.97647059  0.97647059  0.97647059  0.97647059  0.88235294
  0.16078431 -1.         -1.         -1.         -1.         -1.
 -1.         -1.         -1.         -1.         -1.         -1.
 -1.         -1.         -1.         -1.         -1.         -1.
 -1.         -1.         -0.41176471  0.48235294  0.98431373  0.97647059
  0.97647059  0.23137255 -0.12156863 -0.50588235 -1.         -1.
 -1.         -1.         -1.         -1.         -1.         -1.
 -1.         -1.         -1.         -1.         -1.         -1.
 -1.         -1.         -1.         -1.         -1.         -1.
 -1.         -1.         -1.         -1.         -1.         -1.
 -1.         -1.         -1.         -1.         -1.         -1.
 -1.         -1.         -1.         -1.         -1.         -1.
 -1.         -1.         -1.         -1.         -1.         -1.
 -1.         -1.         -1.         -1.         -1.         -1.
 -1.         -1.         -1.         -1.         -1.         -1.
 -1.         -1.         -1.         -1.         -1.         -1.
 -1.         -1.         -1.         -1.         -1.         -1.
 -1.         -1.         -1.         -1.         -1.         -1.
 -1.         -1.         -1.         -1.         -1.         -1.
 -1.         -1.         -1.         -1.         -1.         -1.
 -1.         -1.         -1.         -1.         -1.         -1.
 -1.         -1.         -1.         -1.         -1.         -1.
 -1.         -1.         -1.         -1.         -1.         -1.
 -1.         -1.         -1.         -1.         -1.         -1.
 -1.         -1.         -1.         -1.         -1.         -1.
 -1.         -1.         -1.         -1.         -1.         -1.
 -1.         -1.         -1.         -1.         -1.         -1.
 -1.         -1.         -1.         -1.         -1.         -1.
 -1.         -1.         -1.         -1.         -1.         -1.
 -1.         -1.         -1.         -1.         -1.         -1.
 -1.         -1.         -1.         -1.         -1.         -1.
 -1.         -1.         -1.         -1.         -1.         -1.
 -1.         -1.         -1.         -1.         -1.         -1.
 -1.         -1.         -1.         -1.         -1.         -1.
 -1.         -1.         -1.         -1.         -1.         -1.
 -1.         -1.         -1.         -1.        ][-1.         -1.         -1.         -1.         -1.         -1.
 -1.         -1.         -1.         -1.         -1.         -1.
 -1.         -1.         -1.         -1.         -1.         -1.
 -1.         -1.         -1.         -1.         -1.         -1.
 -1.         -1.         -1.         -1.         -1.         -1.
 -1.         -1.         -1.         -1.         -1.         -1.
 -1.         -1.         -1.         -1.         -1.         -1.
 -1.         -1.         -1.         -1.         -1.         -1.
 -1.         -1.         -1.         -1.         -1.         -1.
 -1.         -1.         -1.         -1.         -1.         -1.
 -1.         -1.         -1.         -1.         -1.         -1.
 -1.         -1.         -1.         -1.         -1.         -1.
 -1.         -1.         -1.         -1.         -1.         -1.
 -1.         -1.         -1.         -1.         -1.         -1.
 -1.         -1.         -1.         -1.         -1.         -1.
 -1.         -1.         -1.         -1.         -1.         -1.
 -1.         -1.         -1.         -1.         -1.         -1.
 -1.         -1.         -1.         -1.         -1.         -1.
 -1.         -1.         -1.         -1.         -1.         -1.
 -1.         -1.         -1.         -1.         -1.         -1.
 -1.         -1.         -1.         -1.         -1.         -1.
 -1.         -1.         -1.         -1.         -1.         -1.
 -1.         -1.         -1.         -1.         -1.         -1.
 -1.         -1.         -1.         -1.         -1.         -1.
 -1.         -1.         -1.         -1.         -1.         -1.
 -1.         -1.         -1.         -1.         -1.         -1.
 -1.         -1.         -1.         -1.         -1.         -1.
 -1.         -1.         -1.         -1.         -1.         -1.
 -1.         -1.         -1.         -1.         -1.         -1.
 -1.         -1.         -1.         -1.         -1.         -1.
 -1.         -1.         -1.         -1.         -1.         -1.
 -1.         -1.         -1.         -1.         -1.         -1.
 -1.         -1.         -1.         -1.         -1.         -1.
 -1.         -1.         -1.         -1.         -1.         -1.
 -1.         -1.         -1.         -1.         -1.         -1.
 -1.         -0.09803922 -0.05098039  0.27058824  0.98431373  0.98431373
  0.67058824 -1.         -1.         -1.         -1.         -1.
 -1.         -1.         -1.         -1.         -1.         -1.
 -1.         -1.         -1.         -1.         -1.         -1.
 -1.         -1.         -0.50588235 -0.16078431  0.33333333  0.96862745
  0.97647059  0.97647059  0.97647059  0.97647059  0.96078431  0.67843137
 -1.         -1.         -1.         -1.         -1.         -1.
 -1.         -1.         -1.         -1.         -1.         -1.
 -1.         -1.         -0.80392157  0.50588235  0.77254902  0.77254902
  0.89019608  0.97647059  0.98431373  0.58431373  0.97647059  0.97647059
  0.97647059  0.97647059  0.97647059  0.76470588 -1.         -1.
 -1.         -1.         -1.         -1.         -1.         -1.
 -1.         -1.         -1.         -1.         -1.         -0.46666667
  0.74901961  0.97647059  0.97647059  0.97647059  0.97647059  0.97647059
 -0.69411765 -0.85098039 -0.69411765 -0.49019608  0.75686275  0.97647059
  0.97647059  0.43529412 -1.         -1.         -1.         -1.
 -1.         -1.         -1.         -1.         -1.         -1.
 -1.         -1.         -1.          0.45882353  0.97647059  0.97647059
  0.97647059  0.92156863 -0.15294118 -0.58431373 -1.         -1.
 -1.          0.17647059  0.97647059  0.97647059  0.7254902  -0.84313725
 -1.         -1.         -1.         -1.         -1.         -1.
 -1.         -1.         -1.         -1.         -1.         -1.
 -0.45098039  0.89803922  0.97647059  0.97647059  0.74117647 -0.5372549
 -1.         -1.         -1.         -1.         -1.          0.39607843
  0.97647059  0.97647059  0.10588235 -1.         -1.         -1.
 -1.         -1.         -1.         -1.         -1.         -1.
 -1.         -1.         -1.         -1.          0.45098039  0.97647059
  0.97647059  0.52156863 -0.4745098  -1.         -1.         -1.
 -1.         -0.86666667 -0.29411765  0.88235294  0.97647059  0.52156863
 -0.4745098  -1.         -1.         -1.         -1.         -1.
 -1.         -1.         -1.         -1.         -1.         -1.
 -1.         -1.         -0.34901961  0.60784314  0.49019608 -0.81176471
 -1.         -1.         -1.         -1.         -1.         -0.05098039
  0.97647059  0.97647059  0.63921569 -0.81176471 -1.         -1.
 -1.         -1.         -1.         -1.         -1.         -1.
 -1.         -1.         -1.         -1.         -1.         -1.
 -1.         -1.         -1.         -1.         -1.         -1.
 -1.         -1.         -0.39607843  0.9372549   0.97647059  0.94509804
 -0.16862745 -1.         -1.         -1.         -1.         -1.
 -1.         -1.         -1.         -1.         -1.         -1.
 -1.         -1.         -1.         -1.         -1.         -1.
 -1.         -1.         -1.         -1.         -1.         -1.
  0.98431373  0.97647059  0.97647059 -0.2        -1.         -1.
 -1.         -1.         -1.         -1.         -1.         -1.
 -1.         -1.         -1.         -1.         -1.         -1.
 -1.         -1.         -1.         -1.         -1.         -1.
 -1.         -1.         -1.          0.05098039  1.          0.98431373
  0.98431373 -0.69411765 -1.         -1.         -1.         -1.
 -1.         -1.         -1.         -1.         -1.         -1.
 -1.         -1.         -1.         -1.         -1.         -1.
 -1.         -1.         -1.         -1.         -1.         -1.
 -0.95294118  0.43529412  0.98431373  0.97647059 -0.16078431 -0.98431373
 -1.         -1.         -1.         -1.         -1.         -1.
 -1.         -1.         -1.         -1.         -1.         -1.
 -1.         -1.         -1.         -1.         -1.         -1.
 -1.         -1.         -1.         -0.92156863 -0.2         0.97647059
  0.98431373  0.27843137 -0.8745098  -1.         -1.         -1.
 -1.         -1.         -1.         -1.         -1.         -1.
 -1.         -1.         -1.         -1.         -1.         -1.
 -1.         -1.         -1.         -1.         -1.         -1.
 -0.89803922  0.31764706  0.97647059  0.97647059 -0.1372549  -0.98431373
 -1.         -1.         -1.         -1.         -1.         -1.
 -1.         -1.         -1.         -1.         -1.         -1.
 -1.         -1.         -1.         -1.         -1.         -1.
 -1.         -1.         -1.         -1.         -0.67843137  0.97647059
  0.97647059  0.70196078 -1.         -1.         -1.         -1.
 -1.         -1.         -1.         -1.         -1.         -1.
 -1.         -1.         -1.         -1.         -1.         -1.
 -1.         -1.         -1.         -1.         -1.         -1.
 -1.         -0.68627451  0.21568627  0.97647059  0.67843137 -0.75686275
 -1.         -1.         -1.         -1.         -1.         -1.
 -1.         -1.         -1.         -1.         -1.         -1.
 -1.         -1.         -1.         -1.         -1.         -1.
 -1.         -1.         -1.         -1.         -1.          0.29411765
  0.97647059  0.97647059 -0.16862745 -1.         -1.         -1.
 -1.         -1.         -1.         -1.         -1.         -1.
 -1.         -1.         -1.         -1.         -1.         -1.
 -1.         -1.         -1.         -1.         -1.         -1.
 -1.         -1.         -0.6627451   0.40392157  0.97647059  0.17647059
 -0.69411765 -1.         -1.         -1.         -1.         -1.
 -1.         -1.         -1.         -1.         -1.         -1.
 -1.         -1.         -1.         -1.         -1.         -1.
 -1.         -1.         -1.         -1.         -1.         -1.
  0.0745098   0.97647059  0.73333333 -0.69411765 -1.         -1.
 -1.         -1.         -1.         -1.         -1.         -1.
 -1.         -1.         -1.         -1.         -1.         -1.
 -1.         -1.         -1.         -1.         -1.         -1.
 -1.         -1.         -1.         -1.         -0.4745098   0.97647059
 -0.38039216 -1.         -1.         -1.         -1.         -1.
 -1.         -1.         -1.         -1.         -1.         -1.
 -1.         -1.         -1.         -1.         -1.         -1.
 -1.         -1.         -1.         -1.         -1.         -1.
 -1.         -1.         -1.         -1.         -1.         -1.
 -1.         -1.         -1.         -1.         -1.         -1.
 -1.         -1.         -1.         -1.         -1.         -1.
 -1.         -1.         -1.         -1.        ][-1.         -1.         -1.         -1.         -1.         -1.
 -1.         -1.         -1.         -1.         -1.         -1.
 -1.         -1.         -1.         -1.         -1.         -1.
 -1.         -1.         -1.         -1.         -1.         -1.
 -1.         -1.         -1.         -1.         -1.         -1.
 -1.         -1.         -1.         -1.         -1.         -1.
 -1.         -1.         -1.         -1.         -1.         -1.
 -1.         -1.         -1.         -1.         -1.         -1.
 -1.         -1.         -1.         -1.         -1.         -1.
 -1.         -1.         -1.         -1.         -1.         -1.
 -1.         -1.         -1.         -1.         -1.         -1.
 -1.         -1.         -1.         -1.         -1.         -1.
 -1.         -1.         -1.         -1.         -1.         -1.
 -1.         -1.         -1.         -1.         -1.         -1.
 -1.         -1.         -1.         -1.         -1.         -1.
 -1.         -1.         -1.         -1.         -1.         -1.
 -1.         -1.         -1.         -1.         -1.         -1.
 -1.         -1.         -1.         -1.         -1.         -1.
 -1.         -1.         -1.         -1.         -1.         -1.
 -1.         -1.         -1.         -1.         -1.         -1.
 -1.         -1.         -1.         -1.         -1.         -1.
 -1.         -1.         -1.         -1.         -1.         -1.
 -1.         -1.         -1.         -1.         -1.         -1.
 -1.         -1.         -1.         -1.         -1.         -1.
 -1.         -1.         -1.         -1.         -1.         -1.
 -1.         -1.         -1.         -1.         -1.         -1.
 -1.         -1.         -1.         -0.91372549  0.59215686  0.79607843
 -0.74901961 -1.         -1.         -1.         -1.         -1.
 -1.         -1.         -1.         -1.         -1.         -1.
 -1.         -1.         -1.         -1.         -1.         -1.
 -1.         -1.         -1.         -0.79607843 -0.63137255 -0.63137255
 -0.76470588 -0.25490196  0.99215686  0.68627451 -0.89803922 -1.
 -1.         -1.         -1.         -1.         -1.         -1.
 -1.         -1.         -1.         -1.         -1.         -1.
 -1.         -1.         -1.         -0.64705882  0.20784314  0.45098039
  0.45098039  0.74901961  0.98431373  0.98431373  0.04313725  0.37254902
  1.          0.4745098  -0.85098039 -1.         -1.         -1.
 -1.         -1.         -1.         -1.         -1.         -1.
 -1.         -1.         -1.         -1.         -1.         -1.
 -1.         -0.1372549   0.98431373  0.98431373  0.98431373  0.92941176
  0.2627451   0.78823529  0.98431373  0.98431373  0.99215686 -0.27843137
 -1.         -1.         -1.         -1.         -1.         -1.
 -1.         -1.         -1.         -1.         -1.         -1.
 -1.         -1.         -1.         -1.          0.00392157  0.92156863
  0.98431373  0.23921569  0.0745098  -0.83529412 -1.         -0.62352941
  0.82745098  0.98431373  0.82745098 -0.9372549  -1.         -1.
 -1.         -1.         -1.         -1.         -1.         -1.
 -1.         -1.         -1.         -1.         -1.         -1.
 -1.         -1.          0.09019608  0.99215686  0.74901961 -0.80392157
 -1.         -1.         -0.71764706  0.33333333  0.99215686  0.91372549
 -0.16862745 -1.         -1.         -1.         -1.         -1.
 -1.         -1.         -1.         -1.         -1.         -1.
 -1.         -1.         -1.         -1.         -1.         -1.
 -0.56862745  0.6627451   0.98431373  0.2627451  -0.91372549 -0.79607843
  0.39607843  0.98431373  0.85098039 -0.11372549 -1.         -1.
 -1.         -1.         -1.         -1.         -1.         -1.
 -1.         -1.         -1.         -1.         -1.         -1.
 -1.         -1.         -1.         -1.         -0.94509804  0.21568627
  0.98431373  0.78823529 -0.37254902  0.74901961  0.98431373  0.98431373
 -0.14509804 -1.         -1.         -1.         -1.         -1.
 -1.         -1.         -1.         -1.         -1.         -1.
 -1.         -1.         -1.         -1.         -1.         -1.
 -1.         -1.         -1.          0.10588235  0.98431373  0.98431373
  0.98431373  0.99215686  0.98431373  0.20784314 -0.77254902 -1.
 -1.         -1.         -1.         -1.         -1.         -1.
 -1.         -1.         -1.         -1.         -1.         -1.
 -1.         -1.         -1.         -1.         -1.         -1.
 -1.         -0.1372549   0.98431373  0.98431373  0.98431373  0.99215686
  0.40392157 -0.70196078 -1.         -1.         -1.         -1.
 -1.         -1.         -1.         -1.         -1.         -1.
 -1.         -1.         -1.         -1.         -1.         -1.
 -1.         -1.         -1.         -1.         -0.97647059  0.34117647
  0.99215686  0.99215686  0.99215686  0.40392157 -1.         -1.
 -1.         -1.         -1.         -1.         -1.         -1.
 -1.         -1.         -1.         -1.         -1.         -1.
 -1.         -1.         -1.         -1.         -1.         -1.
 -1.         -1.          0.34117647  0.98431373  0.98431373  0.98431373
  0.98431373  0.39607843 -1.         -1.         -1.         -1.
 -1.         -1.         -1.         -1.         -1.         -1.
 -1.         -1.         -1.         -1.         -1.         -1.
 -1.         -1.         -1.         -1.         -0.79607843 -0.03529412
  0.99215686  0.98431373  0.59215686  0.22352941  0.98431373  0.56862745
 -1.         -1.         -1.         -1.         -1.         -1.
 -1.         -1.         -1.         -1.         -1.         -1.
 -1.         -1.         -1.         -1.         -1.         -1.
 -1.         -1.         -0.27058824  0.98431373  0.99215686 -0.05098039
 -0.89803922 -0.27058824  0.98431373  0.23921569 -1.         -1.
 -1.         -1.         -1.         -1.         -1.         -1.
 -1.         -1.         -1.         -1.         -1.         -1.
 -1.         -1.         -1.         -1.         -1.         -0.49803922
  0.8745098   0.98431373 -0.40392157 -0.9372549  -0.74901961  0.71764706
  0.98431373 -0.01176471 -1.         -1.         -1.         -1.
 -1.         -1.         -1.         -1.         -1.         -1.
 -1.         -1.         -1.         -1.         -1.         -1.
 -1.         -1.         -1.          0.04313725  0.99215686  0.49803922
 -1.         -0.96078431 -0.15294118  0.83529412  0.99215686 -0.16862745
 -1.         -1.         -1.         -1.         -1.         -1.
 -1.         -1.         -1.         -1.         -1.         -1.
 -1.         -1.         -1.         -1.         -1.         -1.
 -1.          0.03529412  0.98431373  0.49019608 -0.96078431 -0.33333333
  0.98431373  0.85098039  0.20784314 -1.         -1.         -1.
 -1.         -1.         -1.         -1.         -1.         -1.
 -1.         -1.         -1.         -1.         -1.         -1.
 -1.         -1.         -1.         -1.         -1.          0.2
  0.98431373  0.3254902   0.50588235  0.98431373  0.98431373 -0.39607843
 -1.         -1.         -1.         -1.         -1.         -1.
 -1.         -1.         -1.         -1.         -1.         -1.
 -1.         -1.         -1.         -1.         -1.         -1.
 -1.         -1.         -1.         -0.12156863  0.98431373  0.98431373
  0.99215686  0.85098039  0.01176471 -0.92941176 -1.         -1.
 -1.         -1.         -1.         -1.         -1.         -1.
 -1.         -1.         -1.         -1.         -1.         -1.
 -1.         -1.         -1.         -1.         -1.         -1.
 -1.         -0.86666667 -0.0745098   0.90588235  0.49803922 -0.11372549
 -1.         -1.         -1.         -1.         -1.         -1.
 -1.         -1.         -1.         -1.         -1.         -1.
 -1.         -1.         -1.         -1.         -1.         -1.
 -1.         -1.         -1.         -1.         -1.         -1.
 -1.         -1.         -1.         -1.         -1.         -1.
 -1.         -1.         -1.         -1.         -1.         -1.
 -1.         -1.         -1.         -1.         -1.         -1.
 -1.         -1.         -1.         -1.         -1.         -1.
 -1.         -1.         -1.         -1.         -1.         -1.
 -1.         -1.         -1.         -1.         -1.         -1.
 -1.         -1.         -1.         -1.         -1.         -1.
 -1.         -1.         -1.         -1.         -1.         -1.
 -1.         -1.         -1.         -1.         -1.         -1.
 -1.         -1.         -1.         -1.         -1.         -1.
 -1.         -1.         -1.         -1.         -1.         -1.
 -1.         -1.         -1.         -1.         -1.         -1.
 -1.         -1.         -1.         -1.        ][-1.         -1.         -1.         -1.         -1.         -1.
 -1.         -1.         -1.         -1.         -1.         -1.
 -1.         -1.         -1.         -1.         -1.         -1.
 -1.         -1.         -1.         -1.         -1.         -1.
 -1.         -1.         -1.         -1.         -1.         -1.
 -1.         -1.         -1.         -1.         -1.         -1.
 -1.         -1.         -1.         -1.         -1.         -1.
 -1.         -1.         -1.         -1.         -1.         -1.
 -1.         -1.         -1.         -1.         -1.         -1.
 -1.         -1.         -1.         -1.         -1.         -1.
 -1.         -1.         -1.         -1.         -1.         -1.
 -1.         -1.         -1.         -1.         -1.         -1.
 -1.         -1.         -1.         -1.         -1.         -1.
 -1.         -1.         -1.         -1.         -1.         -1.
 -1.         -1.         -1.         -1.         -1.         -1.
 -1.         -1.         -1.         -1.         -1.         -1.
 -1.         -1.         -1.         -1.         -1.         -1.
 -1.         -1.         -1.         -1.         -1.         -1.
 -1.         -1.         -1.         -1.         -1.         -1.
 -1.         -1.         -1.         -1.         -1.         -1.
 -1.         -1.         -1.         -1.         -1.         -1.
 -1.         -1.         -1.         -1.         -1.         -1.
 -1.         -1.         -1.         -1.         -1.         -1.
 -1.         -1.         -1.         -1.         -1.         -1.
 -1.         -1.         -1.         -1.         -1.         -1.
 -1.         -1.         -1.         -1.         -1.         -1.
 -1.         -1.         -1.         -1.         -1.         -1.
 -1.         -1.         -1.         -1.         -1.         -1.
 -1.         -1.         -1.         -1.         -1.         -1.
 -1.         -1.         -1.         -1.         -1.         -1.
 -1.         -1.         -1.         -1.         -1.         -1.
 -1.         -1.         -1.         -1.         -1.         -1.
 -1.         -1.         -1.         -1.         -1.         -1.
 -1.         -1.         -1.         -1.         -1.         -1.
 -1.         -1.         -1.         -1.         -0.56862745  0.16078431
  0.64705882  0.98431373  0.98431373 -0.11372549 -0.31764706  0.16078431
 -0.56862745 -1.         -1.         -1.         -1.         -1.
 -1.         -1.         -1.         -1.         -1.         -1.
 -1.         -1.         -1.         -1.         -1.         -1.
 -1.         -0.31764706  0.81960784  0.97647059  0.98431373  0.48235294
  0.64705882  0.97647059  0.97647059  0.98431373  0.31764706 -1.
 -1.         -1.         -1.         -1.         -1.         -1.
 -1.         -1.         -1.         -1.         -1.         -1.
 -1.         -1.         -1.         -0.96862745 -0.55294118  0.89803922
  0.97647059  0.49019608 -0.49019608 -0.96078431 -0.90588235  0.42745098
  0.97647059  0.98431373 -0.09019608 -1.         -1.         -1.
 -1.         -1.         -1.         -1.         -1.         -1.
 -1.         -1.         -1.         -1.         -1.         -1.
 -1.         -0.24705882  0.97647059  0.97647059  0.43529412 -0.89019608
 -1.         -1.         -0.27843137  0.97647059  0.97647059  0.76470588
 -0.83529412 -1.         -1.         -1.         -1.         -1.
 -1.         -1.         -1.         -1.         -1.         -1.
 -1.         -1.         -1.         -1.          0.03529412  0.98431373
  0.97647059  0.14509804 -0.89019608 -1.         -1.         -1.
  0.68627451  0.97647059  0.97647059 -0.38039216 -1.         -1.
 -1.         -1.         -1.         -1.         -1.         -1.
 -1.         -1.         -1.         -1.         -1.         -1.
 -1.         -0.01176471  0.98431373  0.9372549   0.38039216 -0.92941176
 -1.         -1.         -0.9372549  -0.38823529  0.92156863  0.98431373
  0.01176471 -1.         -1.         -1.         -1.         -1.
 -1.         -1.         -1.         -1.         -1.         -1.
 -1.         -1.         -1.         -1.         -0.8745098   0.81960784
  0.97647059  0.38039216 -1.         -1.         -1.         -0.71764706
  0.57647059  0.97647059  0.97647059  0.3254902  -0.91372549 -1.
 -1.         -1.         -1.         -1.         -1.         -1.
 -1.         -1.         -1.         -1.         -1.         -1.
 -1.         -1.         -0.82745098  0.97647059  0.97647059 -0.76470588
 -0.82745098 -0.06666667  0.54509804  0.89019608  0.98431373  0.97647059
  0.96862745 -0.39607843 -1.         -1.         -1.         -1.
 -1.         -1.         -1.         -1.         -1.         -1.
 -1.         -1.         -1.         -1.         -1.         -1.
 -0.8745098   0.81176471  0.97647059  0.98431373  0.97647059  0.97647059
  0.97647059  0.77254902  0.78039216  0.97647059  0.81176471 -1.
 -1.         -1.         -1.         -1.         -1.         -1.
 -1.         -1.         -1.         -1.         -1.         -1.
 -1.         -1.         -1.         -1.         -1.         -0.56862745
  0.84313725  0.98431373  0.70196078  0.08235294 -0.67058824 -0.81176471
  0.50588235  0.97647059  0.12156863 -1.         -1.         -1.
 -1.         -1.         -1.         -1.         -1.         -1.
 -1.         -1.         -1.         -1.         -1.         -1.
 -1.         -1.         -1.         -1.         -1.         -1.
 -1.         -1.         -1.         -0.51372549  1.          0.98431373
 -0.14509804 -1.         -1.         -1.         -1.         -1.
 -1.         -1.         -1.         -1.         -1.         -1.
 -1.         -1.         -1.         -1.         -1.         -1.
 -1.         -1.         -1.         -1.         -1.         -1.
 -1.         -0.44313725  0.98431373  0.97647059 -0.83529412 -1.
 -1.         -1.         -1.         -1.         -1.         -1.
 -1.         -1.         -1.         -1.         -1.         -1.
 -1.         -1.         -1.         -1.         -1.         -1.
 -1.         -1.         -1.         -1.         -1.         -1.
  0.98431373  0.97647059 -0.83529412 -1.         -1.         -1.
 -1.         -1.         -1.         -1.         -1.         -1.
 -1.         -1.         -1.         -1.         -1.         -1.
 -1.         -1.         -1.         -1.         -1.         -1.
 -1.         -1.         -1.         -0.44313725  0.98431373  0.97647059
 -0.83529412 -1.         -1.         -1.         -1.         -1.
 -1.         -1.         -1.         -1.         -1.         -1.
 -1.         -1.         -1.         -1.         -1.         -1.
 -1.         -1.         -1.         -1.         -1.         -1.
 -1.         -0.16862745  0.98431373  0.97647059 -0.83529412 -1.
 -1.         -1.         -1.         -1.         -1.         -1.
 -1.         -1.         -1.         -1.         -1.         -1.
 -1.         -1.         -1.         -1.         -1.         -1.
 -1.         -1.         -1.         -1.         -1.         -0.64705882
  1.          0.98431373 -0.83529412 -1.         -1.         -1.
 -1.         -1.         -1.         -1.         -1.         -1.
 -1.         -1.         -1.         -1.         -1.         -1.
 -1.         -1.         -1.         -1.         -1.         -1.
 -1.         -1.         -1.         -1.          0.70980392  0.97647059
 -0.56078431 -1.         -1.         -1.         -1.         -1.
 -1.         -1.         -1.         -1.         -1.         -1.
 -1.         -1.         -1.         -1.         -1.         -1.
 -1.         -1.         -1.         -1.         -1.         -1.
 -1.         -1.         -0.24705882  0.97647059  0.48235294 -0.67058824
 -1.         -1.         -1.         -1.         -1.         -1.
 -1.         -1.         -1.         -1.         -1.         -1.
 -1.         -1.         -1.         -1.         -1.         -1.
 -1.         -1.         -1.         -1.         -1.         -1.
 -0.89019608  0.44313725  0.97647059  0.33333333 -0.91372549 -1.
 -1.         -1.         -1.         -1.         -1.         -1.
 -1.         -1.         -1.         -1.         -1.         -1.
 -1.         -1.         -1.         -1.         -1.         -1.
 -1.         -1.         -1.         -1.         -1.         -0.89019608
  0.15294118  0.97647059 -0.67058824 -1.         -1.         -1.
 -1.         -1.         -1.         -1.         -1.         -1.
 -1.         -1.         -1.         -1.         -1.         -1.
 -1.         -1.         -1.         -1.         -1.         -1.
 -1.         -1.         -1.         -1.         -1.         -1.
 -1.         -1.         -1.         -1.         -1.         -1.
 -1.         -1.         -1.         -1.        ]